[
    {
        "num_trucks": 5,
        "truck_capacity": 30,
        "depot_xy": [
            [
                0.9059219360351562,
                0.7464447617530823
            ]
        ],
        "node_xy": [
            [
                0.3478882908821106,
                0.9787111878395081
            ],
            [
                0.650205671787262,
                0.5873824954032898
            ],
            [
                0.19139057397842407,
                0.26057177782058716
            ],
            [
                0.009754419326782227,
                0.9036535620689392
            ],
            [
                0.8828701376914978,
                0.9075578451156616
            ],
            [
                0.9211894273757935,
                0.4154292941093445
            ],
            [
                0.5935914516448975,
                0.7818300724029541
            ],
            [
                0.8019157648086548,
                0.7480126619338989
            ],
            [
                0.4902275800704956,
                0.3259238004684448
            ],
            [
                0.9685003161430359,
                0.7167458534240723
            ],
            [
                0.9221245646476746,
                0.035910964012145996
            ],
            [
                0.6007634997367859,
                0.7022308707237244
            ],
            [
                0.8945351243019104,
                0.910789430141449
            ],
            [
                0.7724800705909729,
                0.7772700190544128
            ],
            [
                0.5213590860366821,
                0.7859248518943787
            ],
            [
                0.24106818437576294,
                0.13676470518112183
            ],
            [
                0.3025858998298645,
                0.39614057540893555
            ],
            [
                0.7076578140258789,
                0.4707605242729187
            ],
            [
                0.7207736968994141,
                0.38449811935424805
            ],
            [
                0.07765305042266846,
                0.4459296464920044
            ]
        ],
        "node_demand": [
            4,
            2,
            4,
            6,
            5,
            8,
            6,
            5,
            2,
            8,
            6,
            2,
            6,
            1,
            8,
            3,
            6,
            1,
            4,
            6
        ],
        "solution": {
            "route": [
                0,
                10,
                0,
                17,
                3,
                16,
                20,
                4,
                1,
                14,
                0,
                8,
                2,
                18,
                19,
                9,
                11,
                6,
                0,
                12,
                7,
                15,
                13,
                5,
                0
            ],
            "total_distance": 4.700000000000002,
            "cost_matrix": [
                [
                    0,
                    0,
                    0,
                    0,
                    0,
                    0,
                    0,
                    0,
                    0,
                    0,
                    0,
                    0,
                    0,
                    1,
                    0,
                    0,
                    0,
                    0,
                    0,
                    0
                ],
                [
                    0,
                    0,
                    0,
                    0,
                    0,
                    0,
                    0,
                    0,
                    0,
                    0,
                    0,
                    0,
                    0,
                    0,
                    0,
                    0,
                    0,
                    1,
                    0,
                    0
                ],
                [
                    0,
                    0,
                    0,
                    0,
                    0,
                    0,
                    0,
                    0,
                    0,
                    0,
                    0,
                    0,
                    0,
                    0,
                    0,
                    1,
                    0,
                    0,
                    0,
                    0
                ],
                [
                    1,
                    0,
                    0,
                    0,
                    0,
                    0,
                    0,
                    0,
                    0,
                    0,
                    0,
                    0,
                    0,
                    0,
                    0,
                    0,
                    0,
                    0,
                    0,
                    0
                ],
                [
                    0,
                    0,
                    0,
                    0,
                    0,
                    0,
                    0,
                    0,
                    0,
                    0,
                    0,
                    0,
                    0,
                    0,
                    0,
                    0,
                    0,
                    0,
                    0,
                    0
                ],
                [
                    0,
                    0,
                    0,
                    0,
                    0,
                    0,
                    0,
                    0,
                    0,
                    0,
                    0,
                    0,
                    0,
                    0,
                    0,
                    0,
                    0,
                    0,
                    0,
                    0
                ],
                [
                    0,
                    0,
                    0,
                    0,
                    0,
                    0,
                    0,
                    0,
                    0,
                    0,
                    0,
                    0,
                    0,
                    0,
                    1,
                    0,
                    0,
                    0,
                    0,
                    0
                ],
                [
                    0,
                    1,
                    0,
                    0,
                    0,
                    0,
                    0,
                    0,
                    0,
                    0,
                    0,
                    0,
                    0,
                    0,
                    0,
                    0,
                    0,
                    0,
                    0,
                    0
                ],
                [
                    0,
                    0,
                    0,
                    0,
                    0,
                    0,
                    0,
                    0,
                    0,
                    0,
                    1,
                    0,
                    0,
                    0,
                    0,
                    0,
                    0,
                    0,
                    0,
                    0
                ],
                [
                    0,
                    0,
                    0,
                    0,
                    0,
                    0,
                    0,
                    0,
                    0,
                    0,
                    0,
                    0,
                    0,
                    0,
                    0,
                    0,
                    0,
                    0,
                    0,
                    0
                ],
                [
                    0,
                    0,
                    0,
                    0,
                    0,
                    1,
                    0,
                    0,
                    0,
                    0,
                    0,
                    0,
                    0,
                    0,
                    0,
                    0,
                    0,
                    0,
                    0,
                    0
                ],
                [
                    0,
                    0,
                    0,
                    0,
                    0,
                    0,
                    1,
                    0,
                    0,
                    0,
                    0,
                    0,
                    0,
                    0,
                    0,
                    0,
                    0,
                    0,
                    0,
                    0
                ],
                [
                    0,
                    0,
                    0,
                    0,
                    1,
                    0,
                    0,
                    0,
                    0,
                    0,
                    0,
                    0,
                    0,
                    0,
                    0,
                    0,
                    0,
                    0,
                    0,
                    0
                ],
                [
                    0,
                    0,
                    0,
                    0,
                    0,
                    0,
                    0,
                    0,
                    0,
                    0,
                    0,
                    0,
                    0,
                    0,
                    0,
                    0,
                    0,
                    0,
                    0,
                    0
                ],
                [
                    0,
                    0,
                    0,
                    0,
                    0,
                    0,
                    0,
                    0,
                    0,
                    0,
                    0,
                    0,
                    1,
                    0,
                    0,
                    0,
                    0,
                    0,
                    0,
                    0
                ],
                [
                    0,
                    0,
                    0,
                    0,
                    0,
                    0,
                    0,
                    0,
                    0,
                    0,
                    0,
                    0,
                    0,
                    0,
                    0,
                    0,
                    0,
                    0,
                    0,
                    1
                ],
                [
                    0,
                    0,
                    1,
                    0,
                    0,
                    0,
                    0,
                    0,
                    0,
                    0,
                    0,
                    0,
                    0,
                    0,
                    0,
                    0,
                    0,
                    0,
                    0,
                    0
                ],
                [
                    0,
                    0,
                    0,
                    0,
                    0,
                    0,
                    0,
                    0,
                    0,
                    0,
                    0,
                    0,
                    0,
                    0,
                    0,
                    0,
                    0,
                    0,
                    1,
                    0
                ],
                [
                    0,
                    0,
                    0,
                    0,
                    0,
                    0,
                    0,
                    0,
                    1,
                    0,
                    0,
                    0,
                    0,
                    0,
                    0,
                    0,
                    0,
                    0,
                    0,
                    0
                ],
                [
                    0,
                    0,
                    0,
                    1,
                    0,
                    0,
                    0,
                    0,
                    0,
                    0,
                    0,
                    0,
                    0,
                    0,
                    0,
                    0,
                    0,
                    0,
                    0,
                    0
                ]
            ]
        }
    }
]